# 100
-2 3
  0.141419317767914E+00
  0.143812893561967E+00
  0.148595194466165E+00
  0.155756324434271E+00
  0.165280956018822E+00
  0.177147759639649E+00
  0.191328658237642E+00
  0.207787920882372E+00
  0.226481112483401E+00
  0.247353920422407E+00
  0.270340882655334E+00
  0.295364045590351E+00
  0.322331583767564E+00
  0.351136416968159E+00
  0.381654863760817E+00
  0.413745373529269E+00
  0.447247381576908E+00
  0.481980333819099E+00
  0.517742928689738E+00
  0.554312624041424E+00
  0.591445455849488E+00
  0.628876213293079E+00
  0.666319011157869E+00
  0.703468295392204E+00
  0.740000310999899E+00
  0.775575053265567E+00
  0.809838713636524E+00
  0.842426620545715E+00
  0.872966663236173E+00
  0.901083173490447E+00
  0.926401226395145E+00
  0.948551307258867E+00
  0.967174277980416E+00
  0.981926563001935E+00
  0.992485462970459E+00
  0.998554493868591E+00
  0.999868641142143E+00
  0.996199412693469E+00
  0.987359571907865E+00
  0.973207432439227E+00
  0.953650600501892E+00
  0.928649057983000E+00
  0.898217490759880E+00
  0.862426781001133E+00
  0.821404599633686E+00
  0.775335055127683E+00
  0.724457376725815E+00
  0.669063633564968E+00
  0.609495515072966E+00
  0.546140221793313E+00
  0.479425538604203E+00
  0.409814183381617E+00
  0.337797542789988E+00
  0.263888922430615E+00
  0.188616450512318E+00
  0.112515782138990E+00
  0.361227549930892E-01
 -0.400338534489355E-01
 -0.115439321924236E+00
 -0.189599598272303E+00
 -0.262047405399575E+00
 -0.332347732181887E+00
 -0.400102619361733E+00
 -0.464955170545557E+00
 -0.526592739591602E+00
 -0.584749267274565E+00
 -0.639206761411964E+00
 -0.689795934978547E+00
 -0.736396035529632E+00
 -0.778933916003151E+00
 -0.817382411278406E+00
 -0.851758096455620E+00
 -0.882118511518245E+00
 -0.908558942797172E+00
 -0.931208854526376E+00
 -0.950228063912083E+00
 -0.965802750762217E+00
 -0.978141388134333E+00
 -0.987470674000138E+00
 -0.994031535964442E+00
 -0.998075271999683E+00
 -0.999859880344844E+00
 -0.999646621533740E+00
 -0.997696845298215E+00
 -0.994269105136220E+00
 -0.989616573899452E+00
 -0.983984765050422E+00
 -0.977609556427177E+00
 -0.970715506551596E+00
 -0.963514447796541E+00
 -0.956204336120707E+00
 -0.948968333585536E+00
 -0.941974097454581E+00
 -0.935373248287326E+00
 -0.929300989004070E+00
 -0.923875847331055E+00
 -0.919199515242918E+00
 -0.915356760906458E+00
 -0.912415391099123E+00
 -0.910426245032882E+00
 -0.909423203868334E+00
