# 100
-6 6
    0.270270270270270E-01
    0.281101016461276E-01
    0.292589298253827E-01
    0.304788842290061E-01
    0.317758909959835E-01
    0.331564986737400E-01
    0.346279572275472E-01
    0.361983088150122E-01
    0.378764923337980E-01
    0.396724641360924E-01
    0.415973377703827E-01
    0.436635461785664E-01
    0.458850304676602E-01
    0.482774602193728E-01
    0.508584913337131E-01
    0.536480686695279E-01
    0.566687823012059E-01
    0.599462881258392E-01
    0.635098059140331E-01
    0.673927108043994E-01
    0.716332378223496E-01
    0.762753234073712E-01
    0.813696133315974E-01
    0.869746729752296E-01
    0.931584438813534E-01
    0.100000000000000E+00
    0.107591668101222E+00
    0.116041589305607E+00
    0.125476811885164E+00
    0.136047017849369E+00
    0.147928994082840E+00
    0.161331956633970E+00
    0.176503812482350E+00
    0.193738375697458E+00
    0.213383407306248E+00
    0.235849056603774E+00
    0.261615738802846E+00
    0.291239515377446E+00
    0.325351379489849E+00
    0.364644107351225E+00
    0.409836065573770E+00
    0.461595273264402E+00
    0.520399666944213E+00
    0.586303939962477E+00
    0.658587987355110E+00
    0.735294117647058E+00
    0.812743823146944E+00
    0.885269121813031E+00
    0.945537065052950E+00
    0.985804416403785E+00
    0.100000000000000E+01
    0.985804416403785E+00
    0.945537065052950E+00
    0.885269121813032E+00
    0.812743823146944E+00
    0.735294117647059E+00
    0.658587987355111E+00
    0.586303939962477E+00
    0.520399666944213E+00
    0.461595273264402E+00
    0.409836065573771E+00
    0.364644107351225E+00
    0.325351379489849E+00
    0.291239515377447E+00
    0.261615738802846E+00
    0.235849056603774E+00
    0.213383407306248E+00
    0.193738375697458E+00
    0.176503812482350E+00
    0.161331956633970E+00
    0.147928994082840E+00
    0.136047017849369E+00
    0.125476811885164E+00
    0.116041589305607E+00
    0.107591668101222E+00
    0.100000000000000E+00
    0.931584438813534E-01
    0.869746729752296E-01
    0.813696133315975E-01
    0.762753234073712E-01
    0.716332378223496E-01
    0.673927108043994E-01
    0.635098059140331E-01
    0.599462881258393E-01
    0.566687823012059E-01
    0.536480686695279E-01
    0.508584913337131E-01
    0.482774602193728E-01
    0.458850304676603E-01
    0.436635461785664E-01
    0.415973377703827E-01
    0.396724641360924E-01
    0.378764923337980E-01
    0.361983088150122E-01
    0.346279572275472E-01
    0.331564986737400E-01
    0.317758909959835E-01
    0.304788842290062E-01
    0.292589298253827E-01
    0.281101016461276E-01
    0.270270270270270E-01
